Game;20;0;
Islands;4;
3;2;9;3;11;16;
2;7;3;5;10;3;18;5;10;9;3;16;9;16;18;16;
1;16;3;4;2;5;11;3;11;4;18;4;19;5;8;9;9;9;11;9;12;9;2;16;3;17;11;15;10;16;19;16;18;17;
0;22;2;4;2;6;19;4;19;6;19;15;19;17;2;15;2;17;9;4;10;4;9;15;10;15;10;8;11;8;12;8;13;8;7;10;8;10;9;10;10;10;7;9;13;9;
Ships1;4;
Submarine;A;1;5;7;
Destroyer;B;2;12;6;13;6;
Cruiser;C;3;13;2;14;2;15;2;
Battleship;D;4;3;2;4;2;5;2;6;2
Player1;1;
Ships2;4;
Submarine;a;1;14;11;
Destroyer;b;2;7;12;8;12;
Cruiser;c;3;14;14;15;14;16;14;
Battleship;d;4;13;17;14;17;15;17;16;17;
Player2;2;